# GGQ rule 15: bm in [2^-75, 2^-70]
# 116 nodes on [0, 1]
# Columns: x_i  w_i
0.18758323792702906353610230645235510E-13  0.66597584005654773662307857237380154E-13
0.17864817412051412184676632591822765E-12  0.25401799192151593104179469383216019E-12
0.51328686204035452857927082865946634E-12  0.40566378335720000874509763669650576E-12
0.97014457772560497579823501207954268E-12  0.49882088309709536344058991064534546E-12
0.14960498489853545370952021506360538E-11  0.54789120198556846246652160933040384E-12
0.20629761579624425220738978551272906E-11  0.59062103917722406424603913819642770E-12
0.29544902219028389390693253977435301E-11  0.16950496224885452780370360967591229E-09
0.29936163637275251470911556680685051E-11  -.42808007538907683619438021604460107E-09
0.30558373647221737172572509539243022E-11  0.52012669387486931447770780533939213E-09
0.31180782044900723984351443212386270E-11  -.43244882845786106821009929819583744E-09
0.31572329576917033945267309500654051E-11  0.17230308950262033478231574468468725E-09
0.43808785745600876642615193307848080E-11  0.17395193248565194752336278808261036E-09
0.44198466576230879655506082420010563E-11  -.43707636211027971913247851065562480E-09
0.44817625857641006999576945166875643E-11  0.52657603600702661651786728658656060E-09
0.45436226590758072929669688213084293E-11  -.43404823289400651481344970089303154E-09
0.45824999621431843535348699840479238E-11  0.17200227737643011109812079583349449E-09
0.54821870243890280159970816777296779E-11  0.60728248635653821112377245547158850E-12
0.60811220864519233156510696957986971E-11  0.59982591001012316548037902307066748E-12
0.66910666755822952001905810973425680E-11  0.62273127029868345978167398142364576E-12
0.73305924756810141171340009263587502E-11  0.65794223731712159962368616843502287E-12
0.80098244707931229955068506026291894E-11  0.70183599410877716025292031018974190E-12
0.87367580725021078645226494991307720E-11  0.75323323119954107362433822981305782E-12
0.95186539714145641142904128275602725E-11  0.81173192205320703707657852727715295E-12
0.10362583581953470891333397040075911E-10  0.87732503126335044529446014607936271E-12
0.11275761298843363568341672050065037E-10  0.95029971080964819324443173649170052E-12
0.12265835032708507437225043650003408E-10  0.10312422238940013917015969254234048E-11
0.13341209896134528790707804294935320E-10  0.11210908727855499779563973145248432E-11
0.14511429891520362372534535458731314E-10  0.12211946065209535412853813639252189E-11
0.15787621083983381326735113870614811E-10  0.13333849193598729078614456192712556E-11
0.17183041983800997095750278165929012E-10  0.14601330860689776820994507313777045E-11
0.18713865699987684596181635883514928E-10  0.16048639157857545754959842831423822E-11
0.20400362880535169334709075476435133E-10  0.17724437491250989048956997677752814E-11
0.22268668693932534374528218090717121E-10  0.19698740179415812814766158962521353E-11
0.24353408159290774126941823010575902E-10  0.22073575126156103192403145146309969E-11
0.26701713260478651057023898412341268E-10  0.25000909797438210761199615212494495E-11
0.29379632952287501919568367499468028E-10  0.28713956848123649837186129513726720E-11
0.32482843050839317389929228780632348E-10  0.33585298851899505957774031277796188E-11
0.36155909991029496180615867217494284E-10  0.40250594367556561372965643190701586E-11
0.40632284347515736301109058729115663E-10  0.49946891461539142252036607856391170E-11
0.46351445742809100748088975985941978E-10  0.66177098010930999913123232691016839E-11
0.57059638853658860229093941270361763E-10  0.54783062461580341956569155046498903E-09
0.57560417217283991070830836249864868E-10  -.10971930866847121100322584942179635E-08
0.58071218196178152736607865149074019E-10  0.56726605029115956249933409914503813E-09
0.76356093762255514571141281436940287E-10  0.18601078547872954834281653413526971E-10
0.10099394483488025150896491038106624E-09  0.33190596550783326868043343643705179E-10
0.18027197136563990240904975623393780E-09  0.25332659802717680279011547958177002E-08
0.19215460156022715601586180903261004E-09  -.55931586127339033521866077811465059E-08
0.21976858361731044991546786810122042E-09  0.82802914654653994925344645737736689E-08
0.24799168862237055409558713127668262E-09  -.98353786009358743838153103143596527E-08
0.27135008233076496486096025151219113E-09  0.50613449919800769282259399402038033E-08
0.21159396034591260301915597611362049E-08  0.20166530854375342973310939405406864E-07
0.34147411594494302108627431284736173E-08  -.50713055864077733016952495670167632E-07
0.12156920133617203569757397134380118E-07  0.20301616692172681199667729941452725E-06
0.33294203800914165117110234666647369E-03  0.10452117649077268263908332100416829E-02
0.23611875319146650770731636151311242E-02  0.26049578950809618529547441434902383E-02
0.49517688250280873259039617031759869E-02  0.31469935924285077110676124979400001E-02
0.90292133729106020312731261727562885E-02  0.36574795703382568093703815835002516E-02
0.12522060578692149503111646293559029E-01  0.54488282681586099703432264520022217E-02
0.20292946039802835369752047869094253E-01  0.82741769335517790402143587838561150E-02
0.26582054223016150344938668374845727E-01  0.60483158314222716958795204896655076E-02
0.36116848859805439193785769925328704E-01  0.11677290745770469747153991073408980E-01
0.44724293624277258808305799142574816E-01  0.61298110163363924798698865620958385E-02
0.55073012866466273704120074681432467E-01  0.14664765963144459839416229230384181E-01
0.69319240203666645961763507048771103E-01  0.12229891675425385573145586535581559E-01
0.81171783031546697710876400648219791E-01  0.13193844370400926856726186221929762E-01
0.93749999983524660151590744721838528E-01  0.11129880991472445797218355650149643E-01
0.10827172262240744794017631122203321E+00  0.19489173311105858769954458909113738E-01
0.12986475393160244220085803412446403E+00  0.20982254823529130890482718667642726E-01
0.14446739495839001766665225468015227E+00  0.11191604172330269853500916523033158E-01
0.16234356599466043675269921219135854E+00  0.22679404053595432119280623834428521E-01
0.17889717462972828262534872698549380E+00  0.10688827238091459860444122256380700E-01
0.19610282537405118894609107105773940E+00  0.24105563102519244572092751584419049E-01
0.21654344524610989010157091503015384E+00  0.15302948791607010838601410421972823E-01
0.23636151954866375702343632373900662E+00  0.27346887572984271484933335086762568E-01
0.26644319695423359446385730290070609E+00  0.29431487555668124001813100954457750E-01
0.28734356600738511619250072598558526E+00  0.14105639974389809450693662434819655E-01
0.30818831374249704876399545542718949E+00  0.27124127228092890237013497662893175E-01
0.32954186060984562943279170072243202E+00  0.15913641834957916059456209246834416E-01
0.35230333714736013110352995363590758E+00  0.30782754139517690616870542050590805E-01
0.38373984524545205402698780161954980E+00  0.28386090742987048420483373949119075E-01
0.40470794871898867352051754504197718E+00  0.17785509980005379808396916052727970E-01
0.42889717462765214516688833098298070E+00  0.28116964415739702983789123209743509E-01
0.45035296810863531255429224515207226E+00  0.15740471099615401344655175200823254E-01
0.47388438829473459754929335394377994E+00  0.32709601984535633216397543037037707E-01
0.50873984525879877666394142126431401E+00  0.33261353773347543841154267912367851E-01
0.52970794872351278004134093791348833E+00  0.13056227483460520458075074446558450E-01
0.55389717462352608104043491940425006E+00  0.32273156809121204688865499228782008E-01
0.57535296811421270825722226477357297E+00  0.12387103972212419200675214007472644E-01
0.59888438827791677456410121044343666E+00  0.34440752876146772035691176503867655E-01
0.63166927051128440766944528145616782E+00  0.26580072896499856094133370967579088E-01
0.65111561170927311721932527515914992E+00  0.18955291158970458783176419465571341E-01
0.67464703189191148222696041017260324E+00  0.23743211228069461485324934888188013E-01
0.69610282536788688864162374615682561E+00  0.20953773715928145772226463206980394E-01
0.71654344525067561212208172320048370E+00  0.19610085141930027165662162844856187E-01
0.73893338877487117891927721208774763E+00  0.25786628187624200100386367402395181E-01
0.76363848046560713642962192296051938E+00  0.21226635268706848627488911214534749E-01
0.78345655474819019687921849350073062E+00  0.21098159167552332208917168608084099E-01
0.80389717463075322698460394792779539E+00  0.17098201186600028310602755833885061E-01
0.82110282536576877645489517993301276E+00  0.20363305157845255959721683797526277E-01
0.84154344524856990855431258038366273E+00  0.17529162171805442115274162788530119E-01
0.85855680305117671051284483735879761E+00  0.19635899047457724894482005928841208E-01
0.87986475395587977123696479732170310E+00  0.19943365322949565336838788626090570E-01
0.89446739494583305493776260498214294E+00  0.11477480013148706547037483168746389E-01
0.90845655476240414845845744751645252E+00  0.14819641236191298305455868311586168E-01
0.92045813938236474204762812244557006E+00  0.11001363446350228891038410725187552E-01
0.93318831374687787504486285954934641E+00  0.13272830489668889958710092185901751E-01
0.94610282536680377137471749079735603E+00  0.13190397242698004957697567612166047E-01
0.95864954089235490368141521378703029E+00  0.10048942109626671511228138426667196E-01
0.96654344523515588454209855399253647E+00  0.87028879782658573482466604058199955E-02
0.97730333715531779181368528840212316E+00  0.10738949334094208424731236809178688E-01
0.98355680305491893368925674559628571E+00  0.26934766980658080733556949334718522E-02
0.98893338879269877131645850239717964E+00  0.73335159949397326879107646708243029E-02
0.99333072947933900113243563523720779E+00  0.20507382468737148315003894400142878E-02
0.99666510570262672011912638679963959E+00  0.40775387742414651426833082841045237E-02
0.99887304467992427207413143241020771E+00  0.82848353698470244728185143287496928E-03
0.99991272783901962581575382168399462E+00  0.68679665736366291396733248431307019E-03
