# GGQ rule 18: bm in [2^-90, 2^-85]
# 118 nodes on [0, 1]
# Columns: x_i  w_i
0.49466679897683400389818669817919481E-15  0.12416525739808967268935703059308521E-14
0.23912712086163706277572869007666521E-14  0.24457120730204925024268392352347211E-14
0.51824103620866509941182748700471478E-14  0.30511824035301328867473434593583651E-14
0.83638798308241233460055370957970354E-14  0.32653982023538680768325461808356020E-14
0.11649444985235153661797935367922755E-13  0.32856074528248370711013139541550993E-14
0.14911281733000742298226989612009044E-13  0.32325545172640438564329302533209941E-14
0.18112327127707575773896486864163196E-13  0.31718792299660061884706931251148120E-14
0.21264634588961354116312798932824730E-13  0.31395274421402622796775338772256737E-14
0.24407982908248244282642187704415948E-13  0.31567394994669014344896737554636456E-14
0.27599150960888639446418957361921514E-13  0.32368420585747350257764531409213542E-14
0.30904893530740848044723688336157195E-13  0.33863845993214849084515856845269491E-14
0.34395065212960359224843482952745204E-13  0.36052356051506385972044628649327585E-14
0.38137226440165051290361931461163972E-13  0.38897331928765961399087081121271630E-14
0.42195712758508507550546035992674845E-13  0.42380218061947904792954151757032825E-14
0.46636371259540088300677890982934712E-13  0.46562230404718156545345760243563042E-14
0.51540269079251875554449178230866008E-13  0.51731495696666948783321264387630099E-14
0.57058248981248450420392533322161516E-13  0.59392577948058914846883577661448894E-14
0.65769615502001155064176113902762458E-13  0.34812493737421989591384067317645486E-11
0.65886285663981488157192784044349186E-13  -.69687297718998553967953038565492662E-11
0.66003316674219734890841704918536977E-13  0.34998337863028498565635152776070878E-11
0.81540898376981755834975507285418916E-13  0.83424938892250809833479392884744303E-11
0.81988996397330925210995888932487554E-13  -.21458185518685757593467127241125799E-10
0.82714695066370865598231286276762183E-13  0.26354152090202343718177020325632100E-10
0.83450108251925651044167599401169153E-13  -.21739225531309021886750683829134637E-10
0.83914137499009403866582617922453714E-13  0.85229223304219737576497226227604227E-11
0.10695268238703159652940256394543277E-12  0.95436633195724021754439996795628551E-11
0.10758248008284793917471979187715579E-12  -.24495322399048247220874147104616531E-10
0.10860016738211925553555289015326266E-12  0.30043170508137287596242000178639377E-10
0.10962968937521885250878601753116074E-12  -.24802497695720815007972581917253870E-10
0.11027890850677578376419393177099061E-12  0.97407899677541242946657588317977650E-11
0.13781413219760907439973952379517550E-12  0.56107998076687194266059220275493203E-11
0.13813935000361627940834647272614307E-12  -.11217885654834346160594825081478737E-10
0.13846558161793007983823867978349428E-12  0.56358834592891653739159082205652498E-11
0.17039812744618720916137033779948654E-12  0.65881975123945477582185488020670263E-11
0.17085000695726232082829469857923994E-12  -.13175287338877433092250476995332413E-10
0.17130461702744499380311244668905821E-12  0.66249776994721730524600674131268214E-11
0.21554391522606250820634670839612773E-12  0.77968459242747996048810146118568971E-11
0.21628292579777169453508837813150353E-12  -.15610639899599060764366020195645813E-10
0.21702916599016814422565155823765206E-12  0.78699163257671771530810705517174239E-11
0.29668373006925462103551609088292894E-12  0.16676076916907933265351325614698558E-10
0.30043887760944659299654486169723292E-12  -.42473381121087828751295998178582408E-10
0.30667708392656713105700514515142611E-12  0.52304403118649920934510564105139417E-10
0.31326440303459978850152472652522166E-12  -.44174816722632040455288535788598638E-10
0.31759973997696059601250934737143289E-12  0.17818049179937498556160563673815279E-10
0.46474161126090411724393793334393360E-12  0.15042033994940213133325583852889857E-12
0.86147968418295687980308161321755559E-12  0.35397398707396551819472193949614993E-10
0.91587558636335034157440112348167489E-12  -.96030650218713234368496620416524595E-10
0.10215796636585562686275422147541431E-11  0.13843206811248807033953816774902108E-09
0.11925256980882359300893812448304821E-11  -.17810102811701957281777837221008502E-09
0.14200664966020687148478744316752415E-11  0.21999501641978431750091445281493166E-09
0.16930828873781432163066525777247954E-11  -.23181037556516379493190768870148553E-09
0.18940663475624277582169995516082364E-11  0.11789311967897884572848898248924104E-09
0.17056318967956160976523275101226200E-09  0.26877034136110930665652631797077465E-08
0.32967074321713298161970882543379863E-03  0.10181235924702709157871117592926562E-02
0.23450899382996561210493818922294670E-02  0.27576874402818265877177738091269020E-02
0.52747152993775250013482089651749141E-02  0.33141497622643562719694316941412148E-02
0.87984166344034278644269484720803240E-02  0.24918172832760894596223481568230176E-02
0.11850672623963387560422865002650625E-01  0.55681127282999391840578733231934592E-02
0.18348946529221246259627830832860167E-01  0.52974312971466297998984923383865229E-02
0.23701345241272276469431613102258333E-01  0.79987370253671843637491486244890313E-02
0.34519842865886030496555064399505503E-01  0.11933624305631271684261520484767784E-01
0.42197721520251580310965910294513714E-01  0.42607988138282775000351731643118127E-02
0.51552278479658375661577515389503688E-01  0.14480941539209762510998892391638964E-01
0.66688268907593156322066591416049512E-01  0.14261529318204333075944584482057749E-01
0.76775302179502149337530881286711597E-01  0.76540951068432495956458619372194734E-02
0.88497150641728071017161765769213984E-01  0.14884843863056164846669227945391284E-01
0.10107040381813709485870836695717779E+00  0.10638309369647531855117762873729836E-01
0.11565842225234144765810834692363697E+00  0.19253176760408182771496879563946203E-01
0.13560957268396046644384513769405820E+00  0.17901942928344267907550175327067178E-01
0.15008573189439007925030305874223230E+00  0.14696319621506189620801044083056248E-01
0.16879088608046054253663365364819493E+00  0.19744130219352866870672927709822358E-01
0.18538923812531478772480730007975016E+00  0.16015281755915261702596348783167504E-01
0.20620911391750257063370594095771298E+00  0.24050095629867329752781327317756544E-01
0.22491426810813895916276405270925947E+00  0.11828824769847843164113272009474856E-01
0.24162346217709120222089507828483704E+00  0.24935271167109092069580983544424287E-01
0.26868315549905340095288258308892569E+00  0.26296813926767978012051510987608631E-01
0.28980794518517105737233186043350433E+00  0.16949846586901226633948318203199442E-01
0.31038923812562439486215877781162401E+00  0.24638931399873649254661176668417895E-01
0.33120911391783419557818416873935018E+00  0.16329943071031303143073706353393495E-01
0.35320842788965101404614393302924660E+00  0.29966741995818259621111432973349655E-01
0.38560957268393917837607206119630265E+00  0.31049357765074116245725217162332100E-01
0.40717038010150233389925797634267927E+00  0.15533748997177259131183035528937222E-01
0.43117734529245719241513767208808999E+00  0.30481943416845771816837097443657634E-01
0.45214080763869923163271004908957011E+00  0.12589459920332121904463469887023453E-01
0.47491426810540259258576320329210423E+00  0.33152526407238191455493773516639857E-01
0.50639045552906128657103555498888562E+00  0.25151049026948948652678897294496838E-01
0.52508573189143240823163424688629542E+00  0.18674656744193358670338389467224864E-01
0.54785919236325025053379656802925233E+00  0.23842872946699276786497895615231652E-01
0.57300569871533277999886228643685858E+00  0.27158721375781599829914869022490285E-01
0.59644939564241144722225011480754127E+00  0.17121220851294500547175044998992494E-01
0.61662346217763945175205238768831473E+00  0.27691652422253023879417963961900493E-01
0.64679157211292691882934609976131695E+00  0.28663954481574287250883186335074244E-01
0.66879088608007749099167228807212202E+00  0.17247044946267662905113900562873549E-01
0.68961076187753308971055602161300050E+00  0.23942571948964445499623292444090340E-01
0.71019205481266044282546358742571169E+00  0.17465721871687236256444675103061543E-01
0.73131684450270392843366071635079658E+00  0.25934698866231711465657646347969292E-01
0.75837653782007067530741707580421024E+00  0.25354453961372183454918952662198276E-01
0.77508573189424433715897443146132590E+00  0.11289408062716536912331276857908452E-01
0.79379088607936257721027533015428850E+00  0.24556372358007310445540382442109966E-01
0.81461076187692971268300442614512427E+00  0.15455649673550268947404368257367607E-01
0.83120911391708725678497626392204198E+00  0.20360105327261052539343507846693058E-01
0.84991426810822430702335396742838906E+00  0.14048099058236071489247678228004294E-01
0.86439042731505599117016118550678268E+00  0.18382260051860744076837637889400093E-01
0.88337653782194285094984121584616154E+00  0.16382224902126375062519108814953471E-01
0.89679157211082233338843625589732290E+00  0.13191429143402778311069111606025239E-01
0.91092854292134375584700349790044072E+00  0.13108100641912309963601869232214249E-01
0.92285919236072954619134330972670100E+00  0.12223041729928777748254048108397145E-01
0.93538923812500756375087161952625095E+00  0.12180460099859258106438901857176583E-01
0.94800569871556754879190748126973810E+00  0.13385374365769832795902427834866087E-01
0.96019205481420409869551136309337319E+00  0.92274747934583088188937282310912278E-02
0.96782961989786327474109961902845841E+00  0.88495607748122470948149424141000245E-02
0.97820842788799182817296819886506549E+00  0.99428233260458846061322048196417432E-02
0.98422533497522343047828664356468987E+00  0.30760374012871736876520739441683962E-02
0.98939042731829424338201377228096568E+00  0.65758759584514915063908188059154570E-02
0.99360954446989523007511320820176116E+00  0.23591071121628818550187582965150060E-02
0.99680577271755258341535813401334158E+00  0.36070625035720308534391319967675210E-02
0.99892085436113301146717067113460939E+00  0.98944687516584762847332742462533909E-03
0.99991644013563292863730399959433142E+00  0.58690591817983199190234795169091842E-03
