# GGQ rule 16: bm in [2^-80, 2^-75]
# 112 nodes on [0, 1]
# Columns: x_i  w_i
 1.51050000430504296E-14   3.81268417761743794E-14
 7.43839990529878504E-14   7.75696000392677672E-14
 1.63971814380869261E-13   9.86489941531794006E-14
 2.66955863075147243E-13   1.05623246035947929E-13
 3.72973601520124699E-13   1.05747658098325134E-13
 4.77732671346276444E-13   1.03641080331240292E-13
 5.80294947343596981E-13   1.01613779046838512E-13
 6.81357825553337678E-13   1.00758753537375666E-13
 7.82357001677468458E-13   1.01526825813030816E-13
 8.84994156155279464E-13   1.04038329213677941E-13
 9.91006086915879017E-13   1.08265731040059866E-13
 1.10207258461707871E-12   1.14134261609109366E-13
 1.21979808944146885E-12   1.21574707530063560E-13
 1.34573783670154053E-12   1.30566739584265582E-13
 1.48148537322203337E-12   1.41233249174107114E-13
 1.62895391784784108E-12   1.54209346952135130E-13
 1.79174480065731065E-12   1.73316884790977772E-13
 2.03498859980630806E-12   1.19631395042218906E-11
 2.04423613529450583E-12  -2.36356614776157930E-11
 2.05360206560480590E-12   1.20158592727972124E-11
 2.40974353069924878E-12   1.43149224075890298E-11
 2.42053344405329554E-12  -2.83390936076334031E-11
 2.43133204959748482E-12   1.44263510520547562E-11
 2.75593945492644958E-12   2.61048708486105318E-13
 3.02469705833298128E-12   2.79214410195195116E-13
 3.31763267851887782E-12   3.07893990401598373E-13
 3.64286522835680503E-12   3.43802414399521714E-13
 4.00795760527557988E-12   3.87921393686360128E-13
 4.42230522087254367E-12   4.42893413804779719E-13
 4.89884925486179469E-12   5.13272995571741005E-13
 5.45642686494868626E-12   6.06543085751799238E-13
 6.12368956849317222E-12   7.35397101550736072E-13
 6.94654820765339440E-12   9.22933336733169336E-13
 8.00400209480571109E-12   1.21556775089553081E-12
 9.44701108850522879E-12   1.72191876997648579E-12
 1.16254173159114286E-11   2.79691575329383374E-12
 1.73844454087342805E-11   9.18493264001274217E-11
 1.84457351252760757E-11  -2.08769235936486971E-10
 2.04845822370428527E-11   2.65638994932151642E-10
 2.36482851341430713E-11  -2.93422114846468835E-10
 2.83292759414171848E-11   3.37980827198915739E-10
 3.56917339087354837E-11  -3.75257360006669693E-10
 4.78220242664694631E-11   4.86983508332320474E-10
 7.16531639717746817E-11  -6.33933110163983491E-10
 1.27058515036295316E-10   1.36653090961760552E-09
 3.01783561735035223E-10  -3.51802058605044518E-09
 1.28159392960237640E-09   2.41582051916514476E-08
 3.29669727798650655E-04   1.01809406279173491E-03
 2.34508957110423450E-03   2.75771107222357037E-03
 5.27471519301261470E-03   3.31411684235105629E-03
 8.79841656591792871E-03   2.49186564403938238E-03
 1.18506726174329655E-02   5.56807154426058101E-03
 1.83489465144599795E-02   5.29745695333473654E-03
 2.37013452346846627E-02   7.99871833360039398E-03
 3.45198428584080619E-02   1.19336385927094977E-02
 4.21977215202823941E-02   4.26078323132327887E-03
 5.15522784797151773E-02   1.44809526986748871E-02
 6.66882689103340254E-02   1.42615171788505746E-02
 7.67753021793236845E-02   7.65411100922258700E-03
 8.84971506416550313E-02   1.48848290898631348E-02
 1.01070403818923946E-01   1.06383208950225940E-02
 1.15658422250684012E-01   1.92531691403732934E-02
 1.35609572683386914E-01   1.79019500000694685E-02
 1.50085731892994317E-01   1.46963121664264416E-02
 1.68790886081114838E-01   1.97441371112621923E-02
 1.85389238124032601E-01   1.60152754411025181E-02
 2.06209113918829762E-01   2.40501013760799284E-02
 2.24914268107074461E-01   1.18288187365119795E-02
 2.41623462179121840E-01   2.49352756824291616E-02
 2.68683155498733561E-01   2.62968105161968252E-02
 2.89807945186160099E-01   1.69498505775527719E-02
 3.10389238124041011E-01   2.46389274119534693E-02
 3.31209113918838782E-01   1.63299463936976801E-02
 3.53208427887679977E-01   2.99667397848546631E-02
 3.85609572683386359E-01   3.10493599103294424E-02
 4.07170380100760454E-01   1.55337462033192167E-02
 4.31177345293375314E-01   3.04819466027098258E-02
 4.52140807637913811E-01   1.25894567369959770E-02
 4.74914268107000048E-01   3.31525288085784686E-02
 5.06390455529126760E-01   2.51510462272436161E-02
 5.25085731892913854E-01   1.86746601151987872E-02
 5.47859192362139202E-01   2.38428701976646958E-02
 5.73005698716656964E-01   2.71587238079694822E-02
 5.96449395641391211E-01   1.71212184086840663E-02
 6.16623462179136772E-01   2.76916543311514565E-02
 6.46791572112390134E-01   2.86639528374443633E-02
 6.68790886081104374E-01   1.72470470130979478E-02
 6.89610761876044864E-01   2.39425697927454807E-02
 7.10192054813780893E-01   1.74657237680620921E-02
 7.31316844501314178E-01   2.59346974429533299E-02
 7.58376537820800944E-01   2.53544555562635401E-02
 7.75085731892990348E-01   1.12894061491572422E-02
 7.93790886081084945E-01   2.45563739677847961E-02
 8.14610761876028433E-01   1.54556481426748882E-02
 8.31209113918818465E-01   2.03601068069000531E-02
 8.49914268107076820E-01   1.40480976668736976E-02
 8.64390427316586329E-01   1.83822612471995495E-02
 8.83376537820851904E-01   1.63822238455817205E-02
 8.96791572112332958E-01   1.31914302357145734E-02
 9.10928542919864581E-01   1.31080996711561079E-02
 9.22859192362070591E-01   1.22230425138949734E-02
 9.35389238124024192E-01   1.21804595802715524E-02
 9.48005698716663292E-01   1.33853747336239153E-02
 9.60192054813822859E-01   9.22747441705810967E-03
 9.67829619899222338E-01   8.84956111814978394E-03
 9.78208427887634846E-01   9.94282299195299764E-03
 9.84225334975958543E-01   3.07603782351572024E-03
 9.89390427316674370E-01   6.57587554151896174E-03
 9.93609544470844819E-01   2.35910747413127725E-03
 9.96805772715439686E-01   3.60706222107407513E-03
 9.98920854362716160E-01   9.89447062579992690E-04
 9.99916440133425399E-01   5.86905851048037360E-04
